wz:5
score:0.7453532753609857
wz:7
score:0.7820244329632775
